0.0000000000000000      0.9999933331999973
0.0314159265358979      1.0000550206874415
0.0628318530717959      1.0002401250172031
0.0942477796076938      1.0005487718727251
0.1256637061435917      1.0009811709977623
0.1570796326794897      1.0015376166044987
0.1884955592153876      1.0022184879471656
0.2199114857512855      1.0030242500637478
0.2513274122871835      1.0039554546885514
0.2827433388230814      1.0050127413398928
0.3141592653589793      1.0061968385867142
0.3455751918948772      1.0075085655000942
0.3769911184307752      1.0089488332958110
0.4084070449666731      1.0105186471743146
0.4398229715025710      1.0122191083670429
0.4712388980384689      1.0140514163970544
0.5026548245743669      1.0160168715647662
0.5340707511102649      1.0181168776693803
0.5654866776461628      1.0203529449786459
0.5969026041820606      1.0227266934606036
0.6283185307179586      1.0252398562920182
0.6597344572538566      1.0278942836610019
0.6911503837897545      1.0306919468811353
0.7225663103256523      1.0336349428383085
0.7539822368615503      1.0367254987916215
0.7853981633974483      1.0399659775537726
0.8168140899333463      1.0433588830771516
0.8482300164692441      1.0469068664755572
0.8796459430051421      1.0506127325146060
0.9110618695410401      1.0544794466063607
0.9424777960769378      1.0585101423481562
0.9738937226128358      1.0627081296495806
1.0053096491487339      1.0670769034958936
1.0367255756846319      1.0716201534015197
1.0681415022205298      1.0763417736129754
1.0995574287564276      1.0812458741268323
1.1309733552923256      1.0863367925958345
1.1623892818282235      1.0916191072037369
1.1938052083641213      1.0970976505997463
1.2252211349000193      1.1027775249921266
1.2566370614359172      1.1086641185138881
1.2880529879718150      1.1147631229850723
1.3194689145077132      1.1210805532125807
1.3508848410436110      1.1276227679844248
1.3823007675795089      1.1343964929356194
1.4137166941154069      1.1414088454846023
1.4451326206513047      1.1486673620645647
1.4765485471872029      1.1561800279046330
1.5079644737231006      1.1639553096472046
1.5393804002589986      1.1720021911296490
1.5707963267948966      1.1803302127012492
1.6022122533307945      1.1889495145004361
1.6336281798666925      1.1978708841774108
1.6650441064025905      1.2071058096192462
1.6964600329384882      1.2166665373177563
1.7278759594743862      1.2265661371187231
1.7592918860102842      1.2368185742074189
1.7907078125461819      1.2474387893215688
1.8221237390820801      1.2584427883471843
1.8535396656179779      1.2698477426453469
1.8849555921538756      1.2816721016922734
1.9163715186897738      1.2939357198935328
1.9477874452256716      1.3066599997713029
1.9792033717615698      1.3198680541335395
2.0106192982974678      1.3335848903326990
2.0420352248333655      1.3478376203340654
2.0734511513692637      1.3626557010666951
2.1048670779051615      1.3780712104638002
2.1362830044410597      1.3941191657620913
2.1676989309769574      1.4108378920877360
2.1991148575128552      1.4282694511975149
2.2305307840487534      1.4464601425823895
2.2619467105846511      1.4654610921377866
2.2933626371205489      1.4853289474713856
2.3247785636564471      1.5061267039553501
2.3561944901923448      1.5279246922441860
2.3876104167282426      1.5508017667562146
2.4190263432641408      1.5748467463801574
2.4504422698000385      1.6001601746195868
2.4818581963359367      1.6268564882765932
2.5132741228718345      1.6550667142157320
2.5446900494077322      1.6849418566903775
2.5761059759436300      1.7166571992473416
2.6075219024795286      1.7504178349334838
2.6389378290154264      1.7864658718065864
2.6703537555513241      1.8250899629657600
2.7017696820872219      1.8666381243678893
2.7331856086231197      1.9115353043847867
2.7646015351590179      1.9603079912638630
2.7960174616949161      2.0136195411140547
2.8274333882308138      2.0723223745352035
2.8588493147667116      2.1375377436680605
2.8902652413026093      2.2107826412252471
2.9216811678385075      2.2941818378762302
2.9530970943744057      2.3908443726264914
2.9845130209103035      2.5055862061453338
3.0159289474462012      2.6464690668857176
3.0473448739820994      2.8285944737728030
3.0787608005179972      3.0858392700132633
3.1101767270538954      3.5261858488309676
